128 836 6 7.68799694 47.56570439
151 836 6 8.00802752 47.56570439
152 836 6 8.02194190 47.56570439
152 835 6 8.02194190 47.57471132
154 834 6 8.04977064 47.58371825
137 832 6 7.81322630 47.60173210
155 832 6 8.06368502 47.60173210
156 832 6 8.07759939 47.60173210
182 831 6 8.43937309 47.61073903
121 830 4 7.59059633 47.61974596
126 827 6 7.66016820 47.64676674
126 826 6 7.66016820 47.65577367
127 826 6 7.67408257 47.65577367
139 826 2 7.84105505 47.65577367
259 826 6 9.51077982 47.65577367
260 826 6 9.52469419 47.65577367
140 825 6 7.85496942 47.66478060
259 825 6 9.51077982 47.66478060
260 825 6 9.52469419 47.66478060
165 822 6 8.20282875 47.69180139
235 822 6 9.17683486 47.69180139
245 822 6 9.31597859 47.69180139
246 822 6 9.32989297 47.69180139
250 822 6 9.38555046 47.69180139
253 822 6 9.42729358 47.69180139
127 821 2 7.67408257 47.70080831
129 821 6 7.70191132 47.70080831
250 821 6 9.38555046 47.70080831
278 821 6 9.77515291 47.70080831
295 821 6 10.01169725 47.70080831
127 820 6 7.67408257 47.70981524
128 820 6 7.68799694 47.70981524
129 820 6 7.70191132 47.70981524
204 820 6 8.74548930 47.70981524
240 820 6 9.24640673 47.70981524
242 820 6 9.27423547 47.70981524
246 820 6 9.32989297 47.70981524
247 820 6 9.34380734 47.70981524
248 820 6 9.35772171 47.70981524
261 820 6 9.53860856 47.70981524
286 820 6 9.88646789 47.70981524
140 819 6 7.85496942 47.71882217
240 819 6 9.24640673 47.71882217
242 819 6 9.27423547 47.71882217
261 819 6 9.53860856 47.71882217
286 819 6 9.88646789 47.71882217
295 819 6 10.01169725 47.71882217
126 818 6 7.66016820 47.72782910
141 818 6 7.86888379 47.72782910
232 818 6 9.13509174 47.72782910
233 818 6 9.14900612 47.72782910
251 818 6 9.39946483 47.72782910
252 818 6 9.41337920 47.72782910
286 818 6 9.88646789 47.72782910
121 817 6 7.59059633 47.73683603
123 817 6 7.61842508 47.73683603
!140 817 6 7.85496942 47.73683603
213 817 6 8.87071865 47.73683603
251 817 6 9.39946483 47.73683603
252 817 6 9.41337920 47.73683603
286 817 6 9.88646789 47.73683603
123 816 6 7.61842508 47.74584296
125 816 6 7.64625382 47.74584296
143 816 6 7.89671254 47.74584296
209 816 6 8.81506116 47.74584296
230 816 6 9.10726300 47.74584296
231 816 6 9.12117737 47.74584296
248 816 6 9.35772171 47.74584296
127 815 6 7.67408257 47.75484989
129 815 6 7.70191132 47.75484989
208 815 6 8.80114679 47.75484989
209 815 6 8.81506116 47.75484989
230 815 6 9.10726300 47.75484989
231 815 6 9.12117737 47.75484989
263 815 6 9.56643731 47.75484989
127 814 6 7.67408257 47.76385681
128 814 6 7.68799694 47.76385681
129 814 6 7.70191132 47.76385681
237 814 6 9.20466361 47.76385681
184 813 6 8.46720183 47.77286374
219 813 6 8.95420489 47.77286374
236 813 6 9.19074924 47.77286374
261 813 6 9.53860856 47.77286374
219 812 6 8.95420489 47.78187067
222 812 6 8.99594801 47.78187067
226 812 6 9.05160550 47.78187067
125 811 6 7.64625382 47.79087760
223 811 6 9.00986239 47.79087760
125 810 6 7.64625382 47.79988453
198 810 6 8.66200306 47.79988453
270 810 6 9.66383792 47.79988453
197 809 6 8.64808869 47.80889146
198 809 6 8.66200306 47.80889146
270 809 6 9.66383792 47.80889146
271 809 6 9.67775229 47.80889146
302 809 6 10.10909786 47.80889146
203 808 6 8.73157492 47.81789838
204 808 6 8.74548930 47.81789838
211 808 6 8.84288991 47.81789838
215 808 6 8.89854740 47.81789838
260 808 6 9.52469419 47.81789838
301 808 6 10.09518349 47.81789838
203 807 6 8.73157492 47.82690531
211 807 6 8.84288991 47.82690531
215 807 6 8.89854740 47.82690531
259 807 6 9.51077982 47.82690531
134 806 6 7.77148318 47.83591224
135 806 6 7.78539755 47.83591224
204 806 6 8.74548930 47.83591224
222 806 6 8.99594801 47.83591224
223 806 6 9.00986239 47.83591224
272 806 6 9.69166667 47.83591224
273 806 6 9.70558104 47.83591224
276 806 6 9.74732416 47.83591224
278 806 6 9.77515291 47.83591224
259 805 6 9.51077982 47.84491917
272 805 6 9.69166667 47.84491917
273 805 6 9.70558104 47.84491917
288 805 6 9.91429664 47.84491917
182 804 6 8.43937309 47.85392610
186 804 6 8.49503058 47.85392610
187 804 6 8.50894495 47.85392610
240 804 6 9.24640673 47.85392610
182 803 6 8.43937309 47.86293303
186 803 6 8.49503058 47.86293303
240 803 6 9.24640673 47.86293303
182 802 6 8.43937309 47.87193995
213 802 6 8.87071865 47.87193995
269 802 6 9.64992355 47.87193995
270 802 6 9.66383792 47.87193995
271 802 6 9.67775229 47.87193995
272 802 6 9.69166667 47.87193995
273 802 6 9.70558104 47.87193995
274 802 6 9.71949541 47.87193995
182 801 6 8.43937309 47.88094688
269 801 6 9.64992355 47.88094688
270 801 6 9.66383792 47.88094688
271 801 6 9.67775229 47.88094688
272 801 6 9.69166667 47.88094688
209 800 6 8.81506116 47.88995381
231 800 6 9.12117737 47.88995381
268 800 6 9.63600917 47.88995381
269 800 6 9.64992355 47.88995381
286 800 6 9.88646789 47.88995381
209 799 6 8.81506116 47.89896074
210 799 6 8.82897554 47.89896074
230 799 6 9.10726300 47.89896074
254 799 6 9.44120795 47.89896074
268 799 6 9.63600917 47.89896074
269 799 6 9.64992355 47.89896074
226 798 6 9.05160550 47.90796767
227 798 2 9.06551988 47.90796767
272 797 6 9.69166667 47.91697460
298 797 6 10.05344037 47.91697460
297 796 6 10.03952599 47.92598152
298 796 6 10.05344037 47.92598152
122 795 4 7.60451070 47.93498845
151 795 6 8.00802752 47.93498845
152 795 6 8.02194190 47.93498845
218 795 6 8.94029052 47.93498845
219 795 6 8.95420489 47.93498845
299 795 6 10.06735474 47.93498845
122 794 4 7.60451070 47.94399538
134 794 6 7.77148318 47.94399538
135 794 6 7.78539755 47.94399538
152 794 6 8.02194190 47.94399538
193 794 6 8.59243119 47.94399538
194 794 6 8.60634557 47.94399538
227 794 6 9.06551988 47.94399538
233 794 6 9.14900612 47.94399538
240 794 6 9.24640673 47.94399538
263 794 6 9.56643731 47.94399538
274 794 6 9.71949541 47.94399538
275 794 6 9.73340979 47.94399538
299 794 6 10.06735474 47.94399538
136 793 6 7.79931193 47.95300231
193 793 6 8.59243119 47.95300231
194 793 6 8.60634557 47.95300231
217 793 6 8.92637615 47.95300231
218 793 6 8.94029052 47.95300231
219 793 6 8.95420489 47.95300231
232 793 6 9.13509174 47.95300231
236 793 6 9.19074924 47.95300231
240 793 6 9.24640673 47.95300231
263 793 6 9.56643731 47.95300231
232 792 6 9.13509174 47.96200924
233 792 6 9.14900612 47.96200924
251 792 6 9.39946483 47.96200924
252 792 6 9.41337920 47.96200924
270 792 6 9.66383792 47.96200924
272 792 6 9.69166667 47.96200924
273 792 6 9.70558104 47.96200924
132 791 6 7.74365443 47.97101617
232 791 6 9.13509174 47.97101617
238 791 2 9.21857798 47.97101617
251 791 6 9.39946483 47.97101617
271 791 6 9.67775229 47.97101617
132 790 4 7.74365443 47.98002310
140 790 6 7.85496942 47.98002310
141 790 6 7.86888379 47.98002310
142 790 6 7.88279817 47.98002310
273 790 6 9.70558104 47.98002310
286 790 6 9.88646789 47.98002310
132 789 4 7.74365443 47.98903002
226 789 6 9.05160550 47.98903002
272 789 6 9.69166667 47.98903002
132 788 4 7.74365443 47.99803695
133 788 4 7.75756881 47.99803695
134 788 4 7.77148318 47.99803695
141 788 6 7.86888379 47.99803695
142 788 6 7.88279817 47.99803695
243 788 6 9.28814985 47.99803695
244 788 6 9.30206422 47.99803695
255 788 6 9.45512232 47.99803695
261 788 6 9.53860856 47.99803695
126 787 2 7.66016820 48.00704388
132 787 4 7.74365443 48.00704388
142 787 6 7.88279817 48.00704388
151 787 6 8.00802752 48.00704388
228 787 6 9.07943425 48.00704388
242 787 6 9.27423547 48.00704388
243 787 6 9.28814985 48.00704388
244 787 6 9.30206422 48.00704388
255 787 6 9.45512232 48.00704388
303 787 2 10.12301223 48.00704388
132 786 4 7.74365443 48.01605081
143 786 6 7.89671254 48.01605081
144 786 6 7.91062691 48.01605081
151 786 6 8.00802752 48.01605081
152 786 6 8.02194190 48.01605081
226 786 6 9.05160550 48.01605081
227 786 6 9.06551988 48.01605081
232 786 6 9.13509174 48.01605081
241 786 6 9.26032110 48.01605081
242 786 6 9.27423547 48.01605081
245 786 6 9.31597859 48.01605081
273 786 6 9.70558104 48.01605081
143 785 6 7.89671254 48.02505774
144 785 6 7.91062691 48.02505774
226 785 6 9.05160550 48.02505774
232 785 6 9.13509174 48.02505774
245 785 6 9.31597859 48.02505774
246 785 6 9.32989297 48.02505774
299 785 6 10.06735474 48.02505774
300 785 6 10.08126911 48.02505774
138 784 4 7.82714067 48.03406467
195 784 6 8.62025994 48.03406467
196 784 6 8.63417431 48.03406467
221 784 6 8.98203364 48.03406467
228 784 6 9.07943425 48.03406467
229 784 6 9.09334862 48.03406467
235 784 6 9.17683486 48.03406467
236 784 6 9.19074924 48.03406467
237 784 6 9.20466361 48.03406467
238 784 6 9.21857798 48.03406467
239 784 6 9.23249235 48.03406467
138 783 4 7.82714067 48.04307159
196 783 6 8.63417431 48.04307159
228 783 6 9.07943425 48.04307159
236 783 6 9.19074924 48.04307159
238 783 6 9.21857798 48.04307159
240 783 6 9.24640673 48.04307159
264 783 6 9.58035168 48.04307159
265 783 6 9.59426606 48.04307159
138 782 4 7.82714067 48.05207852
231 782 6 9.12117737 48.05207852
237 782 6 9.20466361 48.05207852
238 782 6 9.21857798 48.05207852
271 782 6 9.67775229 48.05207852
272 782 6 9.69166667 48.05207852
276 782 6 9.74732416 48.05207852
277 782 6 9.76123853 48.05207852
138 781 4 7.82714067 48.06108545
230 781 6 9.10726300 48.06108545
238 781 6 9.21857798 48.06108545
270 781 6 9.66383792 48.06108545
273 781 6 9.70558104 48.06108545
276 781 6 9.74732416 48.06108545
297 781 2 10.03952599 48.06108545
181 780 6 8.42545872 48.07009238
182 780 6 8.43937309 48.07009238
271 780 6 9.67775229 48.07009238
120 779 4 7.57668196 48.07909931
149 779 6 7.98019878 48.07909931
182 779 6 8.43937309 48.07909931
295 779 6 10.01169725 48.07909931
296 779 2 10.02561162 48.07909931
120 778 4 7.57668196 48.08810624
139 778 4 7.84105505 48.08810624
140 778 4 7.85496942 48.08810624
149 778 6 7.98019878 48.08810624
229 778 6 9.09334862 48.08810624
241 778 6 9.26032110 48.08810624
242 778 2 9.27423547 48.08810624
244 778 6 9.30206422 48.08810624
245 778 6 9.31597859 48.08810624
247 778 6 9.34380734 48.08810624
248 778 6 9.35772171 48.08810624
261 778 6 9.53860856 48.08810624
296 778 2 10.02561162 48.08810624
139 777 4 7.84105505 48.09711316
145 777 6 7.92454128 48.09711316
228 777 6 9.07943425 48.09711316
241 777 6 9.26032110 48.09711316
242 777 6 9.27423547 48.09711316
243 777 2 9.28814985 48.09711316
248 777 6 9.35772171 48.09711316
263 777 6 9.56643731 48.09711316
286 777 6 9.88646789 48.09711316
136 776 4 7.79931193 48.10612009
137 776 6 7.81322630 48.10612009
138 776 4 7.82714067 48.10612009
145 776 6 7.92454128 48.10612009
231 776 6 9.12117737 48.10612009
232 776 6 9.13509174 48.10612009
247 776 6 9.34380734 48.10612009
248 776 6 9.35772171 48.10612009
259 776 6 9.51077982 48.10612009
265 776 6 9.59426606 48.10612009
272 776 6 9.69166667 48.10612009
273 776 6 9.70558104 48.10612009
299 776 6 10.06735474 48.10612009
145 775 6 7.92454128 48.11512702
216 775 6 8.91246177 48.11512702
232 775 6 9.13509174 48.11512702
247 775 6 9.34380734 48.11512702
259 775 6 9.51077982 48.11512702
272 775 6 9.69166667 48.11512702
273 775 6 9.70558104 48.11512702
127 774 6 7.67408257 48.12413395
128 774 6 7.68799694 48.12413395
141 774 4 7.86888379 48.12413395
142 774 4 7.88279817 48.12413395
239 774 6 9.23249235 48.12413395
240 774 6 9.24640673 48.12413395
241 774 6 9.26032110 48.12413395
242 774 6 9.27423547 48.12413395
251 774 6 9.39946483 48.12413395
273 774 6 9.70558104 48.12413395
276 774 6 9.74732416 48.12413395
141 773 4 7.86888379 48.13314088
154 773 6 8.04977064 48.13314088
155 773 6 8.06368502 48.13314088
156 773 6 8.07759939 48.13314088
!157 773 6 8.09151376 48.13314088
239 773 6 9.23249235 48.13314088
240 773 6 9.24640673 48.13314088
242 773 6 9.27423547 48.13314088
276 773 6 9.74732416 48.13314088
277 773 6 9.76123853 48.13314088
291 773 6 9.95603976 48.13314088
292 773 6 9.96995413 48.13314088
140 772 4 7.85496942 48.14214781
141 772 2 7.86888379 48.14214781
142 772 2 7.88279817 48.14214781
147 772 6 7.95237003 48.14214781
154 772 6 8.04977064 48.14214781
155 772 6 8.06368502 48.14214781
156 772 6 8.07759939 48.14214781
235 772 6 9.17683486 48.14214781
236 772 6 9.19074924 48.14214781
276 772 6 9.74732416 48.14214781
277 772 6 9.76123853 48.14214781
291 772 6 9.95603976 48.14214781
292 772 6 9.96995413 48.14214781
139 771 4 7.84105505 48.15115474
158 771 6 8.10542813 48.15115474
159 771 6 8.11934251 48.15115474
236 771 6 9.19074924 48.15115474
277 771 6 9.76123853 48.15115474
286 771 6 9.88646789 48.15115474
158 770 6 8.10542813 48.16016166
159 770 6 8.11934251 48.16016166
293 770 2 9.98386850 48.16016166
294 770 6 9.99778287 48.16016166
123 769 4 7.61842508 48.16916859
158 769 6 8.10542813 48.16916859
159 769 6 8.11934251 48.16916859
293 769 2 9.98386850 48.16916859
294 769 6 9.99778287 48.16916859
124 768 4 7.63233945 48.17817552
158 768 6 8.10542813 48.17817552
159 768 6 8.11934251 48.17817552
195 768 6 8.62025994 48.17817552
239 768 6 9.23249235 48.17817552
240 768 6 9.24640673 48.17817552
290 768 6 9.94212538 48.17817552
294 768 6 9.99778287 48.17817552
149 767 6 7.98019878 48.18718245
195 767 6 8.62025994 48.18718245
239 767 6 9.23249235 48.18718245
240 767 6 9.24640673 48.18718245
290 767 6 9.94212538 48.18718245
293 767 6 9.98386850 48.18718245
294 767 6 9.99778287 48.18718245
298 767 6 10.05344037 48.18718245
129 766 6 7.70191132 48.19618938
130 766 6 7.71582569 48.19618938
146 766 6 7.93845566 48.19618938
148 766 6 7.96628440 48.19618938
149 766 6 7.98019878 48.19618938
274 766 2 9.71949541 48.19618938
275 766 2 9.73340979 48.19618938
284 766 6 9.85863914 48.19618938
294 766 6 9.99778287 48.19618938
297 766 6 10.03952599 48.19618938
298 766 6 10.05344037 48.19618938
125 765 4 7.64625382 48.20519631
126 765 4 7.66016820 48.20519631
147 765 6 7.95237003 48.20519631
155 765 6 8.06368502 48.20519631
274 765 2 9.71949541 48.20519631
275 765 2 9.73340979 48.20519631
297 765 6 10.03952599 48.20519631
126 764 4 7.66016820 48.21420323
154 764 6 8.04977064 48.21420323
155 764 6 8.06368502 48.21420323
199 764 6 8.67591743 48.21420323
233 764 6 9.14900612 48.21420323
234 764 6 9.16292049 48.21420323
265 764 2 9.59426606 48.21420323
276 764 2 9.74732416 48.21420323
277 764 2 9.76123853 48.21420323
278 764 2 9.77515291 48.21420323
297 764 2 10.03952599 48.21420323
127 763 4 7.67408257 48.22321016
152 763 6 8.02194190 48.22321016
162 763 6 8.16108563 48.22321016
199 763 6 8.67591743 48.22321016
264 763 2 9.58035168 48.22321016
265 763 2 9.59426606 48.22321016
278 763 2 9.77515291 48.22321016
279 763 2 9.78906728 48.22321016
127 762 6 7.67408257 48.23221709
128 762 4 7.68799694 48.23221709
152 762 6 8.02194190 48.23221709
153 762 6 8.03585627 48.23221709
162 762 6 8.16108563 48.23221709
163 762 6 8.17500000 48.23221709
203 762 6 8.73157492 48.23221709
247 762 6 9.34380734 48.23221709
248 762 6 9.35772171 48.23221709
162 761 6 8.16108563 48.24122402
247 761 6 9.34380734 48.24122402
128 760 4 7.68799694 48.25023095
141 760 2 7.86888379 48.25023095
162 760 6 8.16108563 48.25023095
163 760 6 8.17500000 48.25023095
164 760 6 8.18891437 48.25023095
279 760 2 9.78906728 48.25023095
133 759 6 7.75756881 48.25923788
141 759 2 7.86888379 48.25923788
148 759 6 7.96628440 48.25923788
149 759 6 7.98019878 48.25923788
154 759 6 8.04977064 48.25923788
203 759 6 8.73157492 48.25923788
204 759 6 8.74548930 48.25923788
214 759 6 8.88463303 48.25923788
215 759 6 8.89854740 48.25923788
279 759 2 9.78906728 48.25923788
141 758 2 7.86888379 48.26824480
142 758 2 7.88279817 48.26824480
143 758 2 7.89671254 48.26824480
144 758 2 7.91062691 48.26824480
145 758 2 7.92454128 48.26824480
148 758 6 7.96628440 48.26824480
149 758 6 7.98019878 48.26824480
154 758 6 8.04977064 48.26824480
155 758 6 8.06368502 48.26824480
207 758 6 8.78723242 48.26824480
239 758 6 9.23249235 48.26824480
240 758 6 9.24640673 48.26824480
269 758 6 9.64992355 48.26824480
270 758 6 9.66383792 48.26824480
129 757 2 7.70191132 48.27725173
143 757 2 7.89671254 48.27725173
144 757 2 7.91062691 48.27725173
145 757 2 7.92454128 48.27725173
215 757 6 8.89854740 48.27725173
269 757 6 9.64992355 48.27725173
205 756 6 8.75940367 48.28625866
263 756 6 9.56643731 48.28625866
265 756 6 9.59426606 48.28625866
204 755 6 8.74548930 48.29526559
262 755 6 9.55252294 48.29526559
263 755 6 9.56643731 48.29526559
162 753 6 8.16108563 48.31327945
291 753 6 9.95603976 48.31327945
134 752 6 7.77148318 48.32228637
135 752 6 7.78539755 48.32228637
144 752 2 7.91062691 48.32228637
145 752 6 7.92454128 48.32228637
162 752 6 8.16108563 48.32228637
209 752 6 8.81506116 48.32228637
270 752 6 9.66383792 48.32228637
291 752 6 9.95603976 48.32228637
135 751 6 7.78539755 48.33129330
144 751 6 7.91062691 48.33129330
209 751 6 8.81506116 48.33129330
210 751 6 8.82897554 48.33129330
269 751 6 9.64992355 48.33129330
273 751 2 9.70558104 48.33129330
267 750 6 9.62209480 48.34030023
279 750 2 9.78906728 48.34030023
279 749 2 9.78906728 48.34930716
205 748 6 8.75940367 48.35831409
205 747 6 8.75940367 48.36732102
215 747 6 8.89854740 48.36732102
216 747 6 8.91246177 48.36732102
172 746 6 8.30022936 48.37632795
173 746 6 8.31414373 48.37632795
217 746 6 8.92637615 48.37632795
!239 746 6 9.23249235 48.37632795
207 745 4 8.78723242 48.38533487
217 745 6 8.92637615 48.38533487
285 745 6 9.87255352 48.38533487
232 744 6 9.13509174 48.39434180
233 743 6 9.14900612 48.40334873
137 742 6 7.81322630 48.41235566
195 742 6 8.62025994 48.41235566
273 742 6 9.70558104 48.41235566
195 741 6 8.62025994 48.42136259
229 741 6 9.09334862 48.42136259
240 741 6 9.24640673 48.42136259
222 740 6 8.99594801 48.43036952
283 740 6 9.84472477 48.43036952
287 740 6 9.90038226 48.43036952
155 739 6 8.06368502 48.43937644
215 739 4 8.89854740 48.43937644
287 739 6 9.90038226 48.43937644
141 738 6 7.86888379 48.44838337
154 738 6 8.04977064 48.44838337
155 738 6 8.06368502 48.44838337
220 738 6 8.96811927 48.44838337
221 738 6 8.98203364 48.44838337
141 737 6 7.86888379 48.45739030
203 737 6 8.73157492 48.45739030
234 737 6 9.16292049 48.45739030
140 736 6 7.85496942 48.46639723
143 736 6 7.89671254 48.46639723
143 735 6 7.89671254 48.47540416
158 735 6 8.10542813 48.47540416
159 735 6 8.11934251 48.47540416
294 735 6 9.99778287 48.47540416
295 735 6 10.01169725 48.47540416
137 734 6 7.81322630 48.48441109
141 734 6 7.86888379 48.48441109
142 734 6 7.88279817 48.48441109
158 734 6 8.10542813 48.48441109
228 734 6 9.07943425 48.48441109
137 733 6 7.81322630 48.49341801
141 733 6 7.86888379 48.49341801
143 733 6 7.89671254 48.49341801
159 733 6 8.11934251 48.49341801
160 733 6 8.13325688 48.49341801
161 733 6 8.14717125 48.49341801
143 732 6 7.89671254 48.50242494
158 732 6 8.10542813 48.50242494
159 732 6 8.11934251 48.50242494
160 732 6 8.13325688 48.50242494
161 732 6 8.14717125 48.50242494
253 732 6 9.42729358 48.50242494
254 732 6 9.44120795 48.50242494
279 732 6 9.78906728 48.50242494
143 731 6 7.89671254 48.51143187
232 731 6 9.13509174 48.51143187
254 731 6 9.44120795 48.51143187
292 731 6 9.96995413 48.51143187
294 731 6 9.99778287 48.51143187
295 731 6 10.01169725 48.51143187
297 731 6 10.03952599 48.51143187
232 730 6 9.13509174 48.52043880
241 730 6 9.26032110 48.52043880
297 730 6 10.03952599 48.52043880
232 729 6 9.13509174 48.52944573
232 728 6 9.13509174 48.53845266
240 728 6 9.24640673 48.53845266
265 728 6 9.59426606 48.53845266
283 728 6 9.84472477 48.53845266
234 727 6 9.16292049 48.54745959
240 727 6 9.24640673 48.54745959
265 727 6 9.59426606 48.54745959
266 727 6 9.60818043 48.54745959
283 727 6 9.84472477 48.54745959
306 727 6 10.16475535 48.54745959
307 727 6 10.17866972 48.54745959
222 726 6 8.99594801 48.55646651
223 726 6 9.00986239 48.55646651
226 726 6 9.05160550 48.55646651
227 726 6 9.06551988 48.55646651
234 726 6 9.16292049 48.55646651
236 726 6 9.19074924 48.55646651
240 726 6 9.24640673 48.55646651
257 726 6 9.48295107 48.55646651
306 726 6 10.16475535 48.55646651
203 725 6 8.73157492 48.56547344
226 725 6 9.05160550 48.56547344
257 725 6 9.48295107 48.56547344
308 725 6 10.19258410 48.56547344
310 725 6 10.22041284 48.56547344
311 725 6 10.23432722 48.56547344
151 724 6 8.00802752 48.57448037
226 724 6 9.05160550 48.57448037
227 724 6 9.06551988 48.57448037
232 724 6 9.13509174 48.57448037
233 724 6 9.14900612 48.57448037
281 724 6 9.81689602 48.57448037
310 724 6 10.22041284 48.57448037
148 723 6 7.96628440 48.58348730
232 723 6 9.13509174 48.58348730
238 723 6 9.21857798 48.58348730
294 723 6 9.99778287 48.58348730
295 723 6 10.01169725 48.58348730
148 722 6 7.96628440 48.59249423
149 722 6 7.98019878 48.59249423
156 722 6 8.07759939 48.59249423
157 722 6 8.09151376 48.59249423
220 722 6 8.96811927 48.59249423
221 722 6 8.98203364 48.59249423
222 722 6 8.99594801 48.59249423
223 722 6 9.00986239 48.59249423
224 722 6 9.02377676 48.59249423
225 722 6 9.03769113 48.59249423
226 722 6 9.05160550 48.59249423
227 722 6 9.06551988 48.59249423
230 722 6 9.10726300 48.59249423
231 722 6 9.12117737 48.59249423
246 722 6 9.32989297 48.59249423
294 722 6 9.99778287 48.59249423
295 722 6 10.01169725 48.59249423
296 722 6 10.02561162 48.59249423
230 721 6 9.10726300 48.60150116
246 721 6 9.32989297 48.60150116
145 720 6 7.92454128 48.61050808
249 720 6 9.37163609 48.61050808
250 720 6 9.38555046 48.61050808
142 719 2 7.88279817 48.61951501
300 719 6 10.08126911 48.61951501
301 719 6 10.09518349 48.61951501
150 718 6 7.99411315 48.62852194
218 718 6 8.94029052 48.62852194
235 718 6 9.17683486 48.62852194
251 718 6 9.39946483 48.62852194
252 718 6 9.41337920 48.62852194
265 718 6 9.59426606 48.62852194
266 718 6 9.60818043 48.62852194
275 718 6 9.73340979 48.62852194
300 718 6 10.08126911 48.62852194
147 717 7 7.95237003 48.63752887
212 717 6 8.85680428 48.63752887
234 717 6 9.16292049 48.63752887
275 717 6 9.73340979 48.63752887
300 717 6 10.08126911 48.63752887
301 717 6 10.09518349 48.63752887
146 716 7 7.93845566 48.64653580
147 716 7 7.95237003 48.64653580
203 716 2 8.73157492 48.64653580
228 716 6 9.07943425 48.64653580
229 716 6 9.09334862 48.64653580
231 716 6 9.12117737 48.64653580
277 716 6 9.76123853 48.64653580
300 716 6 10.08126911 48.64653580
301 716 6 10.09518349 48.64653580
304 716 6 10.13692661 48.64653580
305 716 6 10.15084098 48.64653580
312 716 6 10.24824159 48.64653580
203 715 2 8.73157492 48.65554273
212 715 6 8.85680428 48.65554273
213 715 6 8.87071865 48.65554273
230 715 6 9.10726300 48.65554273
246 715 6 9.32989297 48.65554273
277 715 6 9.76123853 48.65554273
175 714 6 8.34197248 48.66454965
176 714 6 8.35588685 48.66454965
209 714 6 8.81506116 48.66454965
215 714 6 8.89854740 48.66454965
230 714 6 9.10726300 48.66454965
244 714 6 9.30206422 48.66454965
245 714 6 9.31597859 48.66454965
208 713 6 8.80114679 48.67355658
209 713 6 8.81506116 48.67355658
214 713 6 8.88463303 48.67355658
230 713 6 9.10726300 48.67355658
244 713 6 9.30206422 48.67355658
301 713 6 10.09518349 48.67355658
302 713 6 10.10909786 48.67355658
303 713 6 10.12301223 48.67355658
327 713 6 10.45695719 48.67355658
201 712 2 8.70374618 48.68256351
302 712 6 10.10909786 48.68256351
326 711 6 10.44304281 48.69157044
175 710 6 8.34197248 48.70057737
191 710 2 8.56460245 48.70057737
192 710 2 8.57851682 48.70057737
195 710 6 8.62025994 48.70057737
196 710 6 8.63417431 48.70057737
203 710 2 8.73157492 48.70057737
281 710 6 9.81689602 48.70057737
322 710 6 10.38738532 48.70057737
328 710 6 10.47087156 48.70057737
176 709 6 8.35588685 48.70958430
191 709 2 8.56460245 48.70958430
195 709 2 8.62025994 48.70958430
202 709 6 8.71766055 48.70958430
203 709 2 8.73157492 48.70958430
214 709 6 8.88463303 48.70958430
281 709 6 9.81689602 48.70958430
308 709 6 10.19258410 48.70958430
309 709 6 10.20649847 48.70958430
199 708 6 8.67591743 48.71859122
226 708 6 9.05160550 48.71859122
227 708 6 9.06551988 48.71859122
246 708 6 9.32989297 48.71859122
257 708 6 9.48295107 48.71859122
309 708 6 10.20649847 48.71859122
199 707 2 8.67591743 48.72759815
236 707 6 9.19074924 48.72759815
257 707 6 9.48295107 48.72759815
258 707 6 9.49686544 48.72759815
260 707 6 9.52469419 48.72759815
312 707 6 10.24824159 48.72759815
313 707 6 10.26215596 48.72759815
320 707 6 10.35955658 48.72759815
326 707 6 10.44304281 48.72759815
222 706 6 8.99594801 48.73660508
223 706 6 9.00986239 48.73660508
224 706 6 9.02377676 48.73660508
225 706 6 9.03769113 48.73660508
226 706 6 9.05160550 48.73660508
227 706 6 9.06551988 48.73660508
236 706 6 9.19074924 48.73660508
249 706 6 9.37163609 48.73660508
250 706 6 9.38555046 48.73660508
251 706 6 9.39946483 48.73660508
236 705 6 9.19074924 48.74561201
252 705 6 9.41337920 48.74561201
265 705 6 9.59426606 48.74561201
266 705 6 9.60818043 48.74561201
290 705 6 9.94212538 48.74561201
296 705 6 10.02561162 48.74561201
297 705 6 10.03952599 48.74561201
298 705 6 10.05344037 48.74561201
299 705 6 10.06735474 48.74561201
189 704 2 8.53677370 48.75461894
226 704 6 9.05160550 48.75461894
227 704 6 9.06551988 48.75461894
228 704 6 9.07943425 48.75461894
229 704 6 9.09334862 48.75461894
230 704 6 9.10726300 48.75461894
231 704 6 9.12117737 48.75461894
279 704 6 9.78906728 48.75461894
286 704 6 9.88646789 48.75461894
291 704 6 9.95603976 48.75461894
297 704 6 10.03952599 48.75461894
298 704 6 10.05344037 48.75461894
299 704 6 10.06735474 48.75461894
160 703 6 8.13325688 48.76362587
189 703 2 8.53677370 48.76362587
228 703 6 9.07943425 48.76362587
230 703 6 9.10726300 48.76362587
287 703 6 9.90038226 48.76362587
295 703 6 10.01169725 48.76362587
304 703 6 10.13692661 48.76362587
160 702 6 8.13325688 48.77263280
220 702 6 8.96811927 48.77263280
226 702 6 9.05160550 48.77263280
227 702 6 9.06551988 48.77263280
228 702 6 9.07943425 48.77263280
229 702 6 9.09334862 48.77263280
244 702 6 9.30206422 48.77263280
253 702 6 9.42729358 48.77263280
254 702 6 9.44120795 48.77263280
255 702 6 9.45512232 48.77263280
256 702 6 9.46903670 48.77263280
263 702 6 9.56643731 48.77263280
264 702 6 9.58035168 48.77263280
269 702 6 9.64992355 48.77263280
270 702 6 9.66383792 48.77263280
274 702 6 9.71949541 48.77263280
283 702 6 9.84472477 48.77263280
295 702 6 10.01169725 48.77263280
304 702 6 10.13692661 48.77263280
305 702 6 10.15084098 48.77263280
228 701 6 9.07943425 48.78163972
244 701 6 9.30206422 48.78163972
253 701 6 9.42729358 48.78163972
254 701 6 9.44120795 48.78163972
256 701 6 9.46903670 48.78163972
264 701 6 9.58035168 48.78163972
269 701 6 9.64992355 48.78163972
216 700 6 8.91246177 48.79064665
217 700 6 8.92637615 48.79064665
230 700 6 9.10726300 48.79064665
231 700 6 9.12117737 48.79064665
216 699 6 8.91246177 48.79965358
230 699 6 9.10726300 48.79965358
277 699 6 9.76123853 48.79965358
201 698 2 8.70374618 48.80866051
216 698 6 8.91246177 48.80866051
200 697 2 8.68983180 48.81766744
201 697 2 8.70374618 48.81766744
316 697 6 10.30389908 48.81766744
317 697 6 10.31781346 48.81766744
319 697 6 10.34564220 48.81766744
220 696 6 8.96811927 48.82667437
221 696 6 8.98203364 48.82667437
254 696 6 9.44120795 48.82667437
269 696 6 9.64992355 48.82667437
270 696 6 9.66383792 48.82667437
318 696 6 10.33172783 48.82667437
179 695 2 8.39762997 48.83568129
254 695 6 9.44120795 48.83568129
260 695 6 9.52469419 48.83568129
269 695 6 9.64992355 48.83568129
320 695 6 10.35955658 48.83568129
179 694 2 8.39762997 48.84468822
180 694 2 8.41154434 48.84468822
192 694 2 8.57851682 48.84468822
202 694 6 8.71766055 48.84468822
203 694 6 8.73157492 48.84468822
204 694 6 8.74548930 48.84468822
205 694 6 8.75940367 48.84468822
208 694 6 8.80114679 48.84468822
209 694 6 8.81506116 48.84468822
159 693 6 8.11934251 48.85369515
160 693 2 8.13325688 48.85369515
202 693 6 8.71766055 48.85369515
204 693 6 8.74548930 48.85369515
205 693 6 8.75940367 48.85369515
208 693 6 8.80114679 48.85369515
232 693 6 9.13509174 48.85369515
204 692 6 8.74548930 48.86270208
205 692 6 8.75940367 48.86270208
206 692 6 8.77331804 48.86270208
207 692 6 8.78723242 48.86270208
277 692 6 9.76123853 48.86270208
204 691 6 8.74548930 48.87170901
205 691 6 8.75940367 48.87170901
206 691 6 8.77331804 48.87170901
207 691 6 8.78723242 48.87170901
184 690 6 8.46720183 48.88071594
185 690 6 8.48111621 48.88071594
257 690 6 9.48295107 48.88071594
258 690 6 9.49686544 48.88071594
257 689 6 9.48295107 48.88972286
258 689 6 9.49686544 48.88972286
309 689 6 10.20649847 48.88972286
196 688 6 8.63417431 48.89872979
266 688 6 9.60818043 48.89872979
270 688 6 9.66383792 48.89872979
273 688 6 9.70558104 48.89872979
277 688 6 9.76123853 48.89872979
296 688 6 10.02561162 48.89872979
297 688 6 10.03952599 48.89872979
298 688 6 10.05344037 48.89872979
303 688 6 10.12301223 48.89872979
309 688 6 10.20649847 48.89872979
196 687 6 8.63417431 48.90773672
266 687 6 9.60818043 48.90773672
293 687 6 9.98386850 48.90773672
166 686 2 8.21674312 48.91674365
208 686 6 8.80114679 48.91674365
209 686 6 8.81506116 48.91674365
279 686 6 9.78906728 48.91674365
283 686 6 9.84472477 48.91674365
289 686 6 9.92821101 48.91674365
292 686 6 9.96995413 48.91674365
293 686 6 9.98386850 48.91674365
316 686 6 10.30389908 48.91674365
209 685 6 8.81506116 48.92575058
252 685 6 9.41337920 48.92575058
283 685 6 9.84472477 48.92575058
286 685 6 9.88646789 48.92575058
287 685 6 9.90038226 48.92575058
314 685 6 10.27607034 48.92575058
315 685 6 10.28998471 48.92575058
283 684 6 9.84472477 48.93475751
305 684 6 10.15084098 48.93475751
249 683 6 9.37163609 48.94376443
273 683 6 9.70558104 48.94376443
279 683 6 9.78906728 48.94376443
283 683 6 9.84472477 48.94376443
285 683 6 9.87255352 48.94376443
293 683 6 9.98386850 48.94376443
299 683 6 10.06735474 48.94376443
300 683 6 10.08126911 48.94376443
301 683 6 10.09518349 48.94376443
174 682 7 8.32805810 48.95277136
175 682 6 8.34197248 48.95277136
196 682 6 8.63417431 48.95277136
197 682 6 8.64808869 48.95277136
224 682 6 9.02377676 48.95277136
238 682 6 9.21857798 48.95277136
268 682 6 9.63600917 48.95277136
298 682 6 10.05344037 48.95277136
299 682 6 10.06735474 48.95277136
301 682 6 10.09518349 48.95277136
297 681 6 10.03952599 48.96177829
298 681 6 10.05344037 48.96177829
181 680 6 8.42545872 48.97078522
198 680 6 8.66200306 48.97078522
205 680 6 8.75940367 48.97078522
206 680 6 8.77331804 48.97078522
207 680 6 8.78723242 48.97078522
210 680 6 8.82897554 48.97078522
216 680 6 8.91246177 48.97078522
217 680 6 8.92637615 48.97078522
296 680 6 10.02561162 48.97078522
297 680 6 10.03952599 48.97078522
298 680 6 10.05344037 48.97078522
299 680 6 10.06735474 48.97078522
181 679 6 8.42545872 48.97979215
199 679 6 8.67591743 48.97979215
206 679 6 8.77331804 48.97979215
207 679 6 8.78723242 48.97979215
210 679 6 8.82897554 48.97979215
281 679 6 9.81689602 48.97979215
309 679 6 10.20649847 48.97979215
310 679 6 10.22041284 48.97979215
171 678 2 8.28631498 48.98879908
195 678 6 8.62025994 48.98879908
212 678 6 8.85680428 48.98879908
257 678 6 9.48295107 48.98879908
258 678 6 9.49686544 48.98879908
283 678 6 9.84472477 48.98879908
284 678 6 9.85863914 48.98879908
309 678 6 10.20649847 48.98879908
212 677 6 8.85680428 48.99780601
213 677 6 8.87071865 48.99780601
284 677 6 9.85863914 48.99780601
290 677 6 9.94212538 48.99780601
293 677 6 9.98386850 48.99780601
294 677 6 9.99778287 48.99780601
200 676 6 8.68983180 49.00681293
201 676 6 8.70374618 49.00681293
213 676 6 8.87071865 49.00681293
215 676 6 8.89854740 49.00681293
225 676 6 9.03769113 49.00681293
254 676 6 9.44120795 49.00681293
280 676 6 9.80298165 49.00681293
289 676 6 9.92821101 49.00681293
293 676 6 9.98386850 49.00681293
294 676 6 9.99778287 49.00681293
297 676 2 10.03952599 49.00681293
199 675 6 8.67591743 49.01581986
200 675 6 8.68983180 49.01581986
201 675 6 8.70374618 49.01581986
202 675 6 8.71766055 49.01581986
209 675 6 8.81506116 49.01581986
210 675 6 8.82897554 49.01581986
214 675 6 8.88463303 49.01581986
215 675 6 8.89854740 49.01581986
216 675 6 8.91246177 49.01581986
254 675 6 9.44120795 49.01581986
255 675 6 9.45512232 49.01581986
280 675 6 9.80298165 49.01581986
311 675 6 10.23432722 49.01581986
312 675 2 10.24824159 49.01581986
179 674 7 8.39762997 49.02482679
180 674 7 8.41154434 49.02482679
181 674 7 8.42545872 49.02482679
199 674 6 8.67591743 49.02482679
257 674 6 9.48295107 49.02482679
262 674 6 9.55252294 49.02482679
268 674 6 9.63600917 49.02482679
269 674 6 9.64992355 49.02482679
281 674 6 9.81689602 49.02482679
311 674 6 10.23432722 49.02482679
180 673 7 8.41154434 49.03383372
217 673 6 8.92637615 49.03383372
219 673 6 8.95420489 49.03383372
256 673 6 9.46903670 49.03383372
262 673 6 9.55252294 49.03383372
217 672 6 8.92637615 49.04284065
219 672 6 8.95420489 49.04284065
252 672 6 9.41337920 49.04284065
253 672 6 9.42729358 49.04284065
290 672 6 9.94212538 49.04284065
252 671 6 9.41337920 49.05184758
253 671 6 9.42729358 49.05184758
264 671 6 9.58035168 49.05184758
290 671 6 9.94212538 49.05184758
292 671 6 9.96995413 49.05184758
260 670 6 9.52469419 49.06085450
261 670 6 9.53860856 49.06085450
291 670 6 9.95603976 49.06085450
292 670 6 9.96995413 49.06085450
268 668 6 9.63600917 49.07886836
269 668 6 9.64992355 49.07886836
281 668 6 9.81689602 49.07886836
282 668 6 9.83081040 49.07886836
295 668 6 10.01169725 49.07886836
296 668 6 10.02561162 49.07886836
268 667 6 9.63600917 49.08787529
282 667 6 9.83081040 49.08787529
306 667 6 10.16475535 49.08787529
309 667 6 10.20649847 49.08787529
199 666 6 8.67591743 49.09688222
263 666 6 9.56643731 49.09688222
267 666 6 9.62209480 49.09688222
270 666 6 9.66383792 49.09688222
305 666 6 10.15084098 49.09688222
178 665 2 8.38371560 49.10588915
199 665 6 8.67591743 49.10588915
200 665 6 8.68983180 49.10588915
262 665 6 9.55252294 49.10588915
266 665 6 9.60818043 49.10588915
289 665 6 9.92821101 49.10588915
290 665 6 9.94212538 49.10588915
294 665 6 9.99778287 49.10588915
191 664 6 8.56460245 49.11489607
199 664 6 8.67591743 49.11489607
223 664 6 9.00986239 49.11489607
246 664 6 9.32989297 49.11489607
247 664 6 9.34380734 49.11489607
268 664 6 9.63600917 49.11489607
272 664 6 9.69166667 49.11489607
289 664 6 9.92821101 49.11489607
290 664 6 9.94212538 49.11489607
294 664 6 9.99778287 49.11489607
199 663 6 8.67591743 49.12390300
247 663 6 9.34380734 49.12390300
268 663 6 9.63600917 49.12390300
272 663 6 9.69166667 49.12390300
305 663 6 10.15084098 49.12390300
306 663 6 10.16475535 49.12390300
185 662 7 8.48111621 49.13290993
186 662 7 8.49503058 49.13290993
230 662 6 9.10726300 49.13290993
305 662 6 10.15084098 49.13290993
306 662 6 10.16475535 49.13290993
186 661 7 8.49503058 49.14191686
291 661 6 9.95603976 49.14191686
312 661 4 10.24824159 49.14191686
191 660 7 8.56460245 49.15092379
213 660 6 8.87071865 49.15092379
249 660 6 9.37163609 49.15092379
252 660 6 9.41337920 49.15092379
270 660 6 9.66383792 49.15092379
301 660 6 10.09518349 49.15092379
307 660 6 10.17866972 49.15092379
308 660 6 10.19258410 49.15092379
311 660 4 10.23432722 49.15092379
191 659 7 8.56460245 49.15993072
213 659 6 8.87071865 49.15993072
223 659 6 9.00986239 49.15993072
266 659 6 9.60818043 49.15993072
268 659 6 9.63600917 49.15993072
270 659 6 9.66383792 49.15993072
303 659 6 10.12301223 49.15993072
304 659 6 10.13692661 49.15993072
183 658 2 8.45328746 49.16893765
184 658 2 8.46720183 49.16893765
197 658 6 8.64808869 49.16893765
221 658 6 8.98203364 49.16893765
223 658 6 9.00986239 49.16893765
230 658 6 9.10726300 49.16893765
257 658 6 9.48295107 49.16893765
278 658 6 9.77515291 49.16893765
280 658 6 9.80298165 49.16893765
287 658 6 9.90038226 49.16893765
303 658 6 10.12301223 49.16893765
278 657 6 9.77515291 49.17794457
287 657 6 9.90038226 49.17794457
179 656 2 8.39762997 49.18695150
192 656 7 8.57851682 49.18695150
193 656 7 8.59243119 49.18695150
248 656 6 9.35772171 49.18695150
249 656 6 9.37163609 49.18695150
293 656 6 9.98386850 49.18695150
193 655 7 8.59243119 49.19595843
248 655 6 9.35772171 49.19595843
300 655 6 10.08126911 49.19595843
181 654 2 8.42545872 49.20496536
183 654 2 8.45328746 49.20496536
185 654 7 8.48111621 49.20496536
186 654 2 8.49503058 49.20496536
193 654 7 8.59243119 49.20496536
216 654 6 8.91246177 49.20496536
217 654 6 8.92637615 49.20496536
234 654 6 9.16292049 49.20496536
279 654 6 9.78906728 49.20496536
280 654 6 9.80298165 49.20496536
185 653 2 8.48111621 49.21397229
193 653 7 8.59243119 49.21397229
304 653 6 10.13692661 49.21397229
191 652 7 8.56460245 49.22297922
201 652 6 8.70374618 49.22297922
218 652 6 8.94029052 49.22297922
224 652 6 9.02377676 49.22297922
231 652 6 9.12117737 49.22297922
254 652 6 9.44120795 49.22297922
255 652 6 9.45512232 49.22297922
256 652 6 9.46903670 49.22297922
291 652 6 9.95603976 49.22297922
292 652 6 9.96995413 49.22297922
256 651 6 9.46903670 49.23198614
188 650 7 8.52285933 49.24099307
258 650 6 9.49686544 49.24099307
279 650 6 9.78906728 49.24099307
280 650 6 9.80298165 49.24099307
283 650 6 9.84472477 49.24099307
284 650 6 9.85863914 49.24099307
289 650 6 9.92821101 49.24099307
290 650 6 9.94212538 49.24099307
291 650 6 9.95603976 49.24099307
280 649 6 9.80298165 49.25000000
282 649 6 9.83081040 49.25000000
292 649 6 9.96995413 49.25000000
299 649 6 10.06735474 49.25000000
260 648 6 9.52469419 49.25900693
266 648 6 9.60818043 49.25900693
282 648 6 9.83081040 49.25900693
291 648 6 9.95603976 49.25900693
292 648 6 9.96995413 49.25900693
300 648 6 10.08126911 49.25900693
260 647 6 9.52469419 49.26801386
266 647 6 9.60818043 49.26801386
284 647 6 9.85863914 49.26801386
191 646 7 8.56460245 49.27702079
197 646 6 8.64808869 49.27702079
248 646 6 9.35772171 49.27702079
249 646 6 9.37163609 49.27702079
250 646 6 9.38555046 49.27702079
251 646 6 9.39946483 49.27702079
252 646 6 9.41337920 49.27702079
253 646 6 9.42729358 49.27702079
281 646 6 9.81689602 49.27702079
283 646 6 9.84472477 49.27702079
284 646 6 9.85863914 49.27702079
210 645 6 8.82897554 49.28602771
211 645 6 8.84288991 49.28602771
248 645 6 9.35772171 49.28602771
250 645 6 9.38555046 49.28602771
252 645 6 9.41337920 49.28602771
282 645 6 9.83081040 49.28602771
284 645 6 9.85863914 49.28602771
207 644 6 8.78723242 49.29503464
240 644 6 9.24640673 49.29503464
250 644 6 9.38555046 49.29503464
251 644 6 9.39946483 49.29503464
262 644 6 9.55252294 49.29503464
263 644 6 9.56643731 49.29503464
206 643 6 8.77331804 49.30404157
240 643 6 9.24640673 49.30404157
250 643 6 9.38555046 49.30404157
278 643 6 9.77515291 49.30404157
196 642 6 8.63417431 49.31304850
218 642 6 8.94029052 49.31304850
230 642 6 9.10726300 49.31304850
231 642 6 9.12117737 49.31304850
234 642 6 9.16292049 49.31304850
236 642 6 9.19074924 49.31304850
295 642 6 10.01169725 49.31304850
196 641 6 8.63417431 49.32205543
299 641 6 10.06735474 49.32205543
194 640 7 8.60634557 49.33106236
195 640 7 8.62025994 49.33106236
223 640 6 9.00986239 49.33106236
244 640 6 9.30206422 49.33106236
245 640 6 9.31597859 49.33106236
254 640 6 9.44120795 49.33106236
255 640 6 9.45512232 49.33106236
294 640 6 9.99778287 49.33106236
299 640 6 10.06735474 49.33106236
191 639 7 8.56460245 49.34006928
194 639 7 8.60634557 49.34006928
195 639 7 8.62025994 49.34006928
246 639 6 9.32989297 49.34006928
258 639 6 9.49686544 49.34006928
295 639 6 10.01169725 49.34006928
190 638 7 8.55068807 49.34907621
191 638 7 8.56460245 49.34907621
192 638 7 8.57851682 49.34907621
193 638 7 8.59243119 49.34907621
215 638 6 8.89854740 49.34907621
249 638 6 9.37163609 49.34907621
266 638 6 9.60818043 49.34907621
270 638 6 9.66383792 49.34907621
276 638 6 9.74732416 49.34907621
295 638 6 10.01169725 49.34907621
191 637 7 8.56460245 49.35808314
192 637 7 8.57851682 49.35808314
193 637 7 8.59243119 49.35808314
290 637 6 9.94212538 49.35808314
296 637 6 10.02561162 49.35808314
299 637 6 10.06735474 49.35808314
187 636 2 8.50894495 49.36709007
218 636 6 8.94029052 49.36709007
219 636 6 8.95420489 49.36709007
240 636 6 9.24640673 49.36709007
241 636 6 9.26032110 49.36709007
244 636 6 9.30206422 49.36709007
269 636 6 9.64992355 49.36709007
276 636 6 9.74732416 49.36709007
296 636 6 10.02561162 49.36709007
299 636 6 10.06735474 49.36709007
300 636 6 10.08126911 49.36709007
187 635 2 8.50894495 49.37609700
244 635 6 9.30206422 49.37609700
270 635 6 9.66383792 49.37609700
298 635 6 10.05344037 49.37609700
232 634 6 9.13509174 49.38510393
233 634 6 9.14900612 49.38510393
244 634 6 9.30206422 49.38510393
245 634 6 9.31597859 49.38510393
264 634 6 9.58035168 49.38510393
270 634 6 9.66383792 49.38510393
294 634 6 9.99778287 49.38510393
264 633 6 9.58035168 49.39411086
295 633 6 10.01169725 49.39411086
202 632 2 8.71766055 49.40311778
203 632 2 8.73157492 49.40311778
246 632 6 9.32989297 49.40311778
247 632 6 9.34380734 49.40311778
284 632 6 9.85863914 49.40311778
292 632 6 9.96995413 49.40311778
295 632 6 10.01169725 49.40311778
300 632 6 10.08126911 49.40311778
190 631 7 8.55068807 49.41212471
203 631 2 8.73157492 49.41212471
224 631 2 9.02377676 49.41212471
238 631 6 9.21857798 49.41212471
246 631 6 9.32989297 49.41212471
284 631 6 9.85863914 49.41212471
190 630 7 8.55068807 49.42113164
208 630 2 8.80114679 49.42113164
224 630 2 9.02377676 49.42113164
230 630 2 9.10726300 49.42113164
231 630 6 9.12117737 49.42113164
238 630 6 9.21857798 49.42113164
245 630 6 9.31597859 49.42113164
258 630 6 9.49686544 49.42113164
260 630 6 9.52469419 49.42113164
190 629 7 8.55068807 49.43013857
208 629 2 8.80114679 49.43013857
209 629 2 8.81506116 49.43013857
238 629 6 9.21857798 49.43013857
258 629 6 9.49686544 49.43013857
189 628 7 8.53677370 49.43914550
258 628 6 9.49686544 49.43914550
260 628 6 9.52469419 49.43914550
292 628 6 9.96995413 49.43914550
189 627 7 8.53677370 49.44815243
258 627 6 9.49686544 49.44815243
260 627 6 9.52469419 49.44815243
262 627 6 9.55252294 49.44815243
183 626 6 8.45328746 49.45715935
252 626 6 9.41337920 49.45715935
270 626 6 9.66383792 49.45715935
273 626 6 9.70558104 49.45715935
279 626 6 9.78906728 49.45715935
280 626 6 9.80298165 49.45715935
236 625 6 9.19074924 49.46616628
252 625 6 9.41337920 49.46616628
210 624 2 8.82897554 49.47517321
223 624 2 9.00986239 49.47517321
238 624 6 9.21857798 49.47517321
239 624 6 9.23249235 49.47517321
241 624 6 9.26032110 49.47517321
243 624 6 9.28814985 49.47517321
270 624 6 9.66383792 49.47517321
211 623 2 8.84288991 49.48418014
226 623 2 9.05160550 49.48418014
242 623 6 9.27423547 49.48418014
206 622 2 8.77331804 49.49318707
207 622 2 8.78723242 49.49318707
226 622 2 9.05160550 49.49318707
227 622 2 9.06551988 49.49318707
234 622 6 9.16292049 49.49318707
235 622 6 9.17683486 49.49318707
236 622 6 9.19074924 49.49318707
237 622 6 9.20466361 49.49318707
239 622 6 9.23249235 49.49318707
240 622 6 9.24640673 49.49318707
241 622 6 9.26032110 49.49318707
244 622 6 9.30206422 49.49318707
298 622 6 10.05344037 49.49318707
206 621 6 8.77331804 49.50219400
207 621 2 8.78723242 49.50219400
236 621 6 9.19074924 49.50219400
238 621 6 9.21857798 49.50219400
240 621 6 9.24640673 49.50219400
244 621 6 9.30206422 49.50219400
205 620 6 8.75940367 49.51120092
232 620 6 9.13509174 49.51120092
263 620 6 9.56643731 49.51120092
278 620 6 9.77515291 49.51120092
282 620 6 9.83081040 49.51120092
232 619 6 9.13509174 49.52020785
282 619 6 9.83081040 49.52020785
232 618 6 9.13509174 49.52921478
239 618 6 9.23249235 49.52921478
282 618 6 9.83081040 49.52921478
238 617 6 9.21857798 49.53822171
250 617 6 9.38555046 49.53822171
266 617 6 9.60818043 49.53822171
288 617 6 9.91429664 49.53822171
238 616 6 9.21857798 49.54722864
253 616 6 9.42729358 49.54722864
254 616 6 9.44120795 49.54722864
287 616 6 9.90038226 49.54722864
288 616 6 9.91429664 49.54722864
232 615 2 9.13509174 49.55623557
238 615 6 9.21857798 49.55623557
288 615 6 9.91429664 49.55623557
233 614 6 9.14900612 49.56524249
244 614 6 9.30206422 49.56524249
247 614 6 9.34380734 49.56524249
248 614 6 9.35772171 49.56524249
256 614 6 9.46903670 49.56524249
257 614 6 9.48295107 49.56524249
270 614 6 9.66383792 49.56524249
244 613 6 9.30206422 49.57424942
256 613 6 9.46903670 49.57424942
245 612 6 9.31597859 49.58325635
246 612 6 9.32989297 49.58325635
268 612 6 9.63600917 49.58325635
276 612 6 9.74732416 49.58325635
246 611 6 9.32989297 49.59226328
276 611 6 9.74732416 49.59226328
243 610 2 9.28814985 49.60127021
244 610 2 9.30206422 49.60127021
245 610 2 9.31597859 49.60127021
246 610 2 9.32989297 49.60127021
259 610 6 9.51077982 49.60127021
260 610 6 9.52469419 49.60127021
244 609 2 9.30206422 49.61027714
246 609 2 9.32989297 49.61027714
245 608 2 9.31597859 49.61928407
246 608 6 9.32989297 49.61928407
250 608 6 9.38555046 49.61928407
247 606 6 9.34380734 49.63729792
255 606 6 9.45512232 49.63729792
253 604 6 9.42729358 49.65531178
254 604 6 9.44120795 49.65531178
254 603 6 9.44120795 49.66431871
260 600 6 9.52469419 49.69133949
261 600 6 9.53860856 49.69133949
276 600 6 9.74732416 49.69133949
277 600 6 9.76123853 49.69133949
261 599 2 9.53860856 49.70034642
262 598 2 9.55252294 49.70935335
264 598 2 9.58035168 49.70935335
261 594 2 9.53860856 49.74538106
264 592 6 9.58035168 49.76339492
265 592 6 9.59426606 49.76339492
